(kicad_pcb (version 20171130) (host pcbnew 5.1.2+dfsg1-1)

  (general
    (thickness 1.6)
    (drawings 21)
    (tracks 565)
    (zones 0)
    (modules 29)
    (nets 50)
  )

  (page A4)
  (layers
    (0 F.Cu signal)
    (31 B.Cu signal)
    (32 B.Adhes user)
    (33 F.Adhes user)
    (34 B.Paste user)
    (35 F.Paste user)
    (36 B.SilkS user)
    (37 F.SilkS user)
    (38 B.Mask user)
    (39 F.Mask user)
    (40 Dwgs.User user)
    (41 Cmts.User user)
    (42 Eco1.User user)
    (43 Eco2.User user)
    (44 Edge.Cuts user)
    (45 Margin user)
    (46 B.CrtYd user)
    (47 F.CrtYd user)
    (48 B.Fab user)
    (49 F.Fab user)
  )

  (setup
    (last_trace_width 0.5)
    (user_trace_width 0.3)
    (user_trace_width 0.4)
    (user_trace_width 0.5)
    (trace_clearance 0.2)
    (zone_clearance 0.254)
    (zone_45_only no)
    (trace_min 0.16)
    (via_size 0.66)
    (via_drill 0.33)
    (via_min_size 0.52)
    (via_min_drill 0.26)
    (uvia_size 0.3)
    (uvia_drill 0.1)
    (uvias_allowed no)
    (uvia_min_size 0.2)
    (uvia_min_drill 0.1)
    (edge_width 0.15)
    (segment_width 0.2)
    (pcb_text_width 0.3)
    (pcb_text_size 1.5 1.5)
    (mod_edge_width 0.15)
    (mod_text_size 1 1)
    (mod_text_width 0.15)
    (pad_size 1.524 1.524)
    (pad_drill 0.762)
    (pad_to_mask_clearance 0.0508)
    (solder_mask_min_width 0.25)
    (aux_axis_origin 0 0)
    (visible_elements FFFFFF7F)
    (pcbplotparams
      (layerselection 0x010fc_ffffffff)
      (usegerberextensions false)
      (usegerberattributes false)
      (usegerberadvancedattributes false)
      (creategerberjobfile false)
      (excludeedgelayer true)
      (linewidth 0.100000)
      (plotframeref false)
      (viasonmask false)
      (mode 1)
      (useauxorigin false)
      (hpglpennumber 1)
      (hpglpenspeed 20)
      (hpglpendiameter 15.000000)
      (psnegative false)
      (psa4output false)
      (plotreference true)
      (plotvalue true)
      (plotinvisibletext false)
      (padsonsilk false)
      (subtractmaskfromsilk false)
      (outputformat 1)
      (mirror false)
      (drillshape 0)
      (scaleselection 1)
      (outputdirectory "gerber"))
  )

  (net 0 "")
  (net 1 GND)
  (net 2 /DAO)
  (net 3 /DVDD3V3)
  (net 4 /SO)
  (net 5 /oC1)
  (net 6 /SH1)
  (net 7 /oCM)
  (net 8 "Net-(R1-Pad2)")
  (net 9 /VMID)
  (net 10 "Net-(C8-Pad2)")
  (net 11 "Net-(C5-Pad1)")
  (net 12 /DVDD5V)
  (net 13 "Net-(J4-Pad1)")
  (net 14 /B3)
  (net 15 /B0)
  (net 16 /G0)
  (net 17 /B1)
  (net 18 /G1)
  (net 19 /B2)
  (net 20 /G2)
  (net 21 /G3)
  (net 22 "Net-(J1-Pad1)")
  (net 23 "Net-(J2-Pad1)")
  (net 24 /R3)
  (net 25 /R0)
  (net 26 /F0)
  (net 27 /R1)
  (net 28 /F1)
  (net 29 /R2)
  (net 30 /F2)
  (net 31 /F3)
  (net 32 "Net-(J3-Pad5)")
  (net 33 "Net-(J3-Pad9)")
  (net 34 "Net-(J3-Pad4)")
  (net 35 "Net-(J3-Pad8)")
  (net 36 "Net-(J3-Pad3)")
  (net 37 "Net-(J3-Pad7)")
  (net 38 "Net-(J3-Pad2)")
  (net 39 "Net-(J3-Pad6)")
  (net 40 "Net-(J3-Pad1)")
  (net 41 "Net-(J5-Pad1)")
  (net 42 /LRCLK)
  (net 43 "Net-(U1-Pad6)")
  (net 44 "Net-(U1-Pad7)")
  (net 45 "Net-(U1-Pad9)")
  (net 46 "Net-(U2-Pad7)")
  (net 47 "Net-(U2-Pad9)")
  (net 48 "Net-(U2-Pad15)")
  (net 49 "Net-(U2-Pad18)")

  (net_class Default "This is the default net class."
    (clearance 0.2)
    (trace_width 0.2)
    (via_dia 0.66)
    (via_drill 0.33)
    (uvia_dia 0.3)
    (uvia_drill 0.1)
    (add_net /B0)
    (add_net /B1)
    (add_net /B2)
    (add_net /B3)
    (add_net /DAO)
    (add_net /DVDD3V3)
    (add_net /DVDD5V)
    (add_net /F0)
    (add_net /F1)
    (add_net /F2)
    (add_net /F3)
    (add_net /G0)
    (add_net /G1)
    (add_net /G2)
    (add_net /G3)
    (add_net /LRCLK)
    (add_net /R0)
    (add_net /R1)
    (add_net /R2)
    (add_net /R3)
    (add_net /SH1)
    (add_net /SO)
    (add_net /VMID)
    (add_net /oC1)
    (add_net /oCM)
    (add_net GND)
    (add_net "Net-(C5-Pad1)")
    (add_net "Net-(C8-Pad2)")
    (add_net "Net-(J1-Pad1)")
    (add_net "Net-(J2-Pad1)")
    (add_net "Net-(J3-Pad1)")
    (add_net "Net-(J3-Pad2)")
    (add_net "Net-(J3-Pad3)")
    (add_net "Net-(J3-Pad4)")
    (add_net "Net-(J3-Pad5)")
    (add_net "Net-(J3-Pad6)")
    (add_net "Net-(J3-Pad7)")
    (add_net "Net-(J3-Pad8)")
    (add_net "Net-(J3-Pad9)")
    (add_net "Net-(J4-Pad1)")
    (add_net "Net-(J5-Pad1)")
    (add_net "Net-(R1-Pad2)")
    (add_net "Net-(U1-Pad6)")
    (add_net "Net-(U1-Pad7)")
    (add_net "Net-(U1-Pad9)")
    (add_net "Net-(U2-Pad15)")
    (add_net "Net-(U2-Pad18)")
    (add_net "Net-(U2-Pad7)")
    (add_net "Net-(U2-Pad9)")
  )

  (net_class Power ""
    (clearance 0.2)
    (trace_width 0.5)
    (via_dia 0.8)
    (via_drill 0.4)
    (uvia_dia 0.3)
    (uvia_drill 0.1)
  )

  (module Package_SO:SSOP-20_5.3x7.2mm_P0.65mm (layer F.Cu) (tedit 5A02F25C) (tstamp 5CBDA543)
    (at 53.35 71.68)
    (descr "20-Lead Plastic Shrink Small Outline (SS)-5.30 mm Body [SSOP] (see Microchip Packaging Specification 00000049BS.pdf)")
    (tags "SSOP 0.65")
    (path /5CB4B026)
    (attr smd)
    (fp_text reference U2 (at -0.07 4.79 180) (layer F.SilkS)
      (effects (font (size 1 1) (thickness 0.15)))
    )
    (fp_text value WM8782 (at 0 4.75) (layer F.Fab)
      (effects (font (size 1 1) (thickness 0.15)))
    )
    (fp_line (start -1.65 -3.6) (end 2.65 -3.6) (layer F.Fab) (width 0.15))
    (fp_line (start 2.65 -3.6) (end 2.65 3.6) (layer F.Fab) (width 0.15))
    (fp_line (start 2.65 3.6) (end -2.65 3.6) (layer F.Fab) (width 0.15))
    (fp_line (start -2.65 3.6) (end -2.65 -2.6) (layer F.Fab) (width 0.15))
    (fp_line (start -2.65 -2.6) (end -1.65 -3.6) (layer F.Fab) (width 0.15))
    (fp_line (start -4.75 -4) (end -4.75 4) (layer F.CrtYd) (width 0.05))
    (fp_line (start 4.75 -4) (end 4.75 4) (layer F.CrtYd) (width 0.05))
    (fp_line (start -4.75 -4) (end 4.75 -4) (layer F.CrtYd) (width 0.05))
    (fp_line (start -4.75 4) (end 4.75 4) (layer F.CrtYd) (width 0.05))
    (fp_line (start -2.875 -3.825) (end -2.875 -3.475) (layer F.SilkS) (width 0.15))
    (fp_line (start 2.875 -3.825) (end 2.875 -3.375) (layer F.SilkS) (width 0.15))
    (fp_line (start 2.875 3.825) (end 2.875 3.375) (layer F.SilkS) (width 0.15))
    (fp_line (start -2.875 3.825) (end -2.875 3.375) (layer F.SilkS) (width 0.15))
    (fp_line (start -2.875 -3.825) (end 2.875 -3.825) (layer F.SilkS) (width 0.15))
    (fp_line (start -2.875 3.825) (end 2.875 3.825) (layer F.SilkS) (width 0.15))
    (fp_line (start -2.875 -3.475) (end -4.475 -3.475) (layer F.SilkS) (width 0.15))
    (fp_text user %R (at 0 0) (layer F.Fab)
      (effects (font (size 0.8 0.8) (thickness 0.15)))
    )
    (pad 1 smd rect (at -3.6 -2.925) (size 1.75 0.45) (layers F.Cu F.Paste F.Mask)
      (net 8 "Net-(R1-Pad2)"))
    (pad 2 smd rect (at -3.6 -2.275) (size 1.75 0.45) (layers F.Cu F.Paste F.Mask)
      (net 4 /SO))
    (pad 3 smd rect (at -3.6 -1.625) (size 1.75 0.45) (layers F.Cu F.Paste F.Mask)
      (net 42 /LRCLK))
    (pad 4 smd rect (at -3.6 -0.975) (size 1.75 0.45) (layers F.Cu F.Paste F.Mask)
      (net 1 GND))
    (pad 5 smd rect (at -3.6 -0.325) (size 1.75 0.45) (layers F.Cu F.Paste F.Mask)
      (net 3 /DVDD3V3))
    (pad 6 smd rect (at -3.6 0.325) (size 1.75 0.45) (layers F.Cu F.Paste F.Mask)
      (net 5 /oC1))
    (pad 7 smd rect (at -3.6 0.975) (size 1.75 0.45) (layers F.Cu F.Paste F.Mask)
      (net 46 "Net-(U2-Pad7)"))
    (pad 8 smd rect (at -3.6 1.625) (size 1.75 0.45) (layers F.Cu F.Paste F.Mask)
      (net 1 GND))
    (pad 9 smd rect (at -3.6 2.275) (size 1.75 0.45) (layers F.Cu F.Paste F.Mask)
      (net 47 "Net-(U2-Pad9)"))
    (pad 10 smd rect (at -3.6 2.925) (size 1.75 0.45) (layers F.Cu F.Paste F.Mask)
      (net 9 /VMID))
    (pad 11 smd rect (at 3.6 2.925) (size 1.75 0.45) (layers F.Cu F.Paste F.Mask)
      (net 1 GND))
    (pad 12 smd rect (at 3.6 2.275) (size 1.75 0.45) (layers F.Cu F.Paste F.Mask)
      (net 11 "Net-(C5-Pad1)"))
    (pad 13 smd rect (at 3.6 1.625) (size 1.75 0.45) (layers F.Cu F.Paste F.Mask)
      (net 12 /DVDD5V))
    (pad 14 smd rect (at 3.6 0.975) (size 1.75 0.45) (layers F.Cu F.Paste F.Mask)
      (net 1 GND))
    (pad 15 smd rect (at 3.6 0.325) (size 1.75 0.45) (layers F.Cu F.Paste F.Mask)
      (net 48 "Net-(U2-Pad15)"))
    (pad 16 smd rect (at 3.6 -0.325) (size 1.75 0.45) (layers F.Cu F.Paste F.Mask)
      (net 48 "Net-(U2-Pad15)"))
    (pad 17 smd rect (at 3.6 -0.975) (size 1.75 0.45) (layers F.Cu F.Paste F.Mask)
      (net 10 "Net-(C8-Pad2)"))
    (pad 18 smd rect (at 3.6 -1.625) (size 1.75 0.45) (layers F.Cu F.Paste F.Mask)
      (net 49 "Net-(U2-Pad18)"))
    (pad 19 smd rect (at 3.6 -2.275) (size 1.75 0.45) (layers F.Cu F.Paste F.Mask)
      (net 49 "Net-(U2-Pad18)"))
    (pad 20 smd rect (at 3.6 -2.925) (size 1.75 0.45) (layers F.Cu F.Paste F.Mask)
      (net 1 GND))
    (model ${KISYS3DMOD}/Package_SO.3dshapes/SSOP-20_5.3x7.2mm_P0.65mm.wrl
      (at (xyz 0 0 0))
      (scale (xyz 1 1 1))
      (rotate (xyz 0 0 0))
    )
  )

  (module Package_SO:TSSOP-16_4.4x5mm_P0.65mm (layer F.Cu) (tedit 5A02F25C) (tstamp 5CC8CF49)
    (at 52.39 59.28)
    (descr "16-Lead Plastic Thin Shrink Small Outline (ST)-4.4 mm Body [TSSOP] (see Microchip Packaging Specification 00000049BS.pdf)")
    (tags "SSOP 0.65")
    (path /5CB4DA11)
    (attr smd)
    (fp_text reference U1 (at 0 -3.55) (layer F.SilkS)
      (effects (font (size 1 1) (thickness 0.15)))
    )
    (fp_text value 74LVC112 (at 0 3.55) (layer F.Fab)
      (effects (font (size 1 1) (thickness 0.15)))
    )
    (fp_line (start -1.2 -2.5) (end 2.2 -2.5) (layer F.Fab) (width 0.15))
    (fp_line (start 2.2 -2.5) (end 2.2 2.5) (layer F.Fab) (width 0.15))
    (fp_line (start 2.2 2.5) (end -2.2 2.5) (layer F.Fab) (width 0.15))
    (fp_line (start -2.2 2.5) (end -2.2 -1.5) (layer F.Fab) (width 0.15))
    (fp_line (start -2.2 -1.5) (end -1.2 -2.5) (layer F.Fab) (width 0.15))
    (fp_line (start -3.95 -2.9) (end -3.95 2.8) (layer F.CrtYd) (width 0.05))
    (fp_line (start 3.95 -2.9) (end 3.95 2.8) (layer F.CrtYd) (width 0.05))
    (fp_line (start -3.95 -2.9) (end 3.95 -2.9) (layer F.CrtYd) (width 0.05))
    (fp_line (start -3.95 2.8) (end 3.95 2.8) (layer F.CrtYd) (width 0.05))
    (fp_line (start -2.2 2.725) (end 2.2 2.725) (layer F.SilkS) (width 0.15))
    (fp_line (start -3.775 -2.8) (end 2.2 -2.8) (layer F.SilkS) (width 0.15))
    (fp_text user %R (at 0 0) (layer F.Fab)
      (effects (font (size 0.8 0.8) (thickness 0.15)))
    )
    (pad 1 smd rect (at -2.95 -2.275) (size 1.5 0.45) (layers F.Cu F.Paste F.Mask)
      (net 6 /SH1))
    (pad 2 smd rect (at -2.95 -1.625) (size 1.5 0.45) (layers F.Cu F.Paste F.Mask)
      (net 3 /DVDD3V3))
    (pad 3 smd rect (at -2.95 -0.975) (size 1.5 0.45) (layers F.Cu F.Paste F.Mask)
      (net 3 /DVDD3V3))
    (pad 4 smd rect (at -2.95 -0.325) (size 1.5 0.45) (layers F.Cu F.Paste F.Mask)
      (net 3 /DVDD3V3))
    (pad 5 smd rect (at -2.95 0.325) (size 1.5 0.45) (layers F.Cu F.Paste F.Mask)
      (net 42 /LRCLK))
    (pad 6 smd rect (at -2.95 0.975) (size 1.5 0.45) (layers F.Cu F.Paste F.Mask)
      (net 43 "Net-(U1-Pad6)"))
    (pad 7 smd rect (at -2.95 1.625) (size 1.5 0.45) (layers F.Cu F.Paste F.Mask)
      (net 44 "Net-(U1-Pad7)"))
    (pad 8 smd rect (at -2.95 2.275) (size 1.5 0.45) (layers F.Cu F.Paste F.Mask)
      (net 1 GND))
    (pad 9 smd rect (at 2.95 2.275) (size 1.5 0.45) (layers F.Cu F.Paste F.Mask)
      (net 45 "Net-(U1-Pad9)"))
    (pad 10 smd rect (at 2.95 1.625) (size 1.5 0.45) (layers F.Cu F.Paste F.Mask)
      (net 3 /DVDD3V3))
    (pad 11 smd rect (at 2.95 0.975) (size 1.5 0.45) (layers F.Cu F.Paste F.Mask)
      (net 1 GND))
    (pad 12 smd rect (at 2.95 0.325) (size 1.5 0.45) (layers F.Cu F.Paste F.Mask)
      (net 1 GND))
    (pad 13 smd rect (at 2.95 -0.325) (size 1.5 0.45) (layers F.Cu F.Paste F.Mask)
      (net 1 GND))
    (pad 14 smd rect (at 2.95 -0.975) (size 1.5 0.45) (layers F.Cu F.Paste F.Mask)
      (net 1 GND))
    (pad 15 smd rect (at 2.95 -1.625) (size 1.5 0.45) (layers F.Cu F.Paste F.Mask)
      (net 3 /DVDD3V3))
    (pad 16 smd rect (at 2.95 -2.275) (size 1.5 0.45) (layers F.Cu F.Paste F.Mask)
      (net 3 /DVDD3V3))
    (model ${KISYS3DMOD}/Package_SO.3dshapes/TSSOP-16_4.4x5mm_P0.65mm.wrl
      (at (xyz 0 0 0))
      (scale (xyz 1 1 1))
      (rotate (xyz 0 0 0))
    )
  )

  (module custom_components:HLE-105-02-G-DV-PE (layer F.Cu) (tedit 5AB3F17E) (tstamp 5D36DE7C)
    (at 43.445 35.5)
    (descr "10-lead dip package, row spacing 7.62 mm (300 mils), LongPads")
    (tags "DIL DIP PDIP 2.54mm 7.62mm 300mil LongPads")
    (path /5CB4D86F)
    (fp_text reference J5 (at 3.89636 -2.88798) (layer F.SilkS)
      (effects (font (size 1 1) (thickness 0.15)))
    )
    (fp_text value Conn_02x05_Counter_Clockwise (at 3.81 12.55) (layer F.Fab)
      (effects (font (size 1 1) (thickness 0.15)))
    )
    (fp_text user %R (at 3.81 5.08) (layer F.Fab)
      (effects (font (size 1 1) (thickness 0.15)))
    )
    (fp_line (start 6.71 -1.82) (end 0.91 -1.82) (layer F.SilkS) (width 0.12))
    (fp_line (start 0.91 -1.82) (end 0.91 11.98) (layer F.SilkS) (width 0.12))
    (fp_line (start 0.91 11.98) (end 6.71 11.98) (layer F.SilkS) (width 0.12))
    (fp_line (start 6.71 11.98) (end 6.71 -1.82) (layer F.SilkS) (width 0.12))
    (fp_line (start -1.5 -1.6) (end -1.5 11.7) (layer F.CrtYd) (width 0.05))
    (fp_line (start -1.5 11.7) (end 9.1 11.7) (layer F.CrtYd) (width 0.05))
    (fp_line (start 9.1 11.7) (end 9.1 -1.6) (layer F.CrtYd) (width 0.05))
    (fp_line (start 9.1 -1.6) (end -1.5 -1.6) (layer F.CrtYd) (width 0.05))
    (pad 1 thru_hole circle (at 0 0) (size 1.5 1.5) (drill 0.8) (layers *.Cu *.Mask)
      (net 41 "Net-(J5-Pad1)"))
    (pad 6 thru_hole circle (at 7.62 10.16) (size 1.5 1.5) (drill 0.8) (layers *.Cu *.Mask)
      (net 24 /R3))
    (pad 2 thru_hole circle (at 0 2.54) (size 1.5 1.5) (drill 0.8) (layers *.Cu *.Mask)
      (net 25 /R0))
    (pad 7 thru_hole circle (at 7.62 7.62) (size 1.5 1.5) (drill 0.8) (layers *.Cu *.Mask)
      (net 26 /F0))
    (pad 3 thru_hole circle (at 0 5.08) (size 1.5 1.5) (drill 0.8) (layers *.Cu *.Mask)
      (net 27 /R1))
    (pad 8 thru_hole circle (at 7.62 5.08) (size 1.5 1.5) (drill 0.8) (layers *.Cu *.Mask)
      (net 28 /F1))
    (pad 4 thru_hole circle (at 0 7.62) (size 1.5 1.5) (drill 0.8) (layers *.Cu *.Mask)
      (net 29 /R2))
    (pad 9 thru_hole circle (at 7.62 2.54) (size 1.5 1.5) (drill 0.8) (layers *.Cu *.Mask)
      (net 30 /F2))
    (pad 5 thru_hole circle (at 0 10.16) (size 1.5 1.5) (drill 0.8) (layers *.Cu *.Mask)
      (net 1 GND))
    (pad 10 thru_hole circle (at 7.62 0) (size 1.5 1.5) (drill 0.8) (layers *.Cu *.Mask)
      (net 31 /F3))
    (model ${KISYS3DMOD}/Housings_DIP.3dshapes/DIP-10_W7.62mm_LongPads.wrl
      (at (xyz 0 0 0))
      (scale (xyz 1 1 1))
      (rotate (xyz 0 0 0))
    )
  )

  (module custom_components:HLE-105-02-G-DV-PE (layer F.Cu) (tedit 5AB3F17E) (tstamp 5CC8CB6B)
    (at 61.225 57.14)
    (descr "10-lead dip package, row spacing 7.62 mm (300 mils), LongPads")
    (tags "DIL DIP PDIP 2.54mm 7.62mm 300mil LongPads")
    (path /5CB4B368)
    (fp_text reference J3 (at 3.89636 -2.88798) (layer F.SilkS)
      (effects (font (size 1 1) (thickness 0.15)))
    )
    (fp_text value Conn_02x05_Counter_Clockwise (at 3.81 12.55) (layer F.Fab)
      (effects (font (size 1 1) (thickness 0.15)))
    )
    (fp_line (start 9.1 -1.6) (end -1.5 -1.6) (layer F.CrtYd) (width 0.05))
    (fp_line (start 9.1 11.7) (end 9.1 -1.6) (layer F.CrtYd) (width 0.05))
    (fp_line (start -1.5 11.7) (end 9.1 11.7) (layer F.CrtYd) (width 0.05))
    (fp_line (start -1.5 -1.6) (end -1.5 11.7) (layer F.CrtYd) (width 0.05))
    (fp_line (start 6.71 11.98) (end 6.71 -1.82) (layer F.SilkS) (width 0.12))
    (fp_line (start 0.91 11.98) (end 6.71 11.98) (layer F.SilkS) (width 0.12))
    (fp_line (start 0.91 -1.82) (end 0.91 11.98) (layer F.SilkS) (width 0.12))
    (fp_line (start 6.71 -1.82) (end 0.91 -1.82) (layer F.SilkS) (width 0.12))
    (fp_text user %R (at 3.81 5.08) (layer F.Fab)
      (effects (font (size 1 1) (thickness 0.15)))
    )
    (pad 10 thru_hole circle (at 7.62 0) (size 1.5 1.5) (drill 0.8) (layers *.Cu *.Mask)
      (net 12 /DVDD5V))
    (pad 5 thru_hole circle (at 0 10.16) (size 1.5 1.5) (drill 0.8) (layers *.Cu *.Mask)
      (net 32 "Net-(J3-Pad5)"))
    (pad 9 thru_hole circle (at 7.62 2.54) (size 1.5 1.5) (drill 0.8) (layers *.Cu *.Mask)
      (net 33 "Net-(J3-Pad9)"))
    (pad 4 thru_hole circle (at 0 7.62) (size 1.5 1.5) (drill 0.8) (layers *.Cu *.Mask)
      (net 34 "Net-(J3-Pad4)"))
    (pad 8 thru_hole circle (at 7.62 5.08) (size 1.5 1.5) (drill 0.8) (layers *.Cu *.Mask)
      (net 35 "Net-(J3-Pad8)"))
    (pad 3 thru_hole circle (at 0 5.08) (size 1.5 1.5) (drill 0.8) (layers *.Cu *.Mask)
      (net 36 "Net-(J3-Pad3)"))
    (pad 7 thru_hole circle (at 7.62 7.62) (size 1.5 1.5) (drill 0.8) (layers *.Cu *.Mask)
      (net 37 "Net-(J3-Pad7)"))
    (pad 2 thru_hole circle (at 0 2.54) (size 1.5 1.5) (drill 0.8) (layers *.Cu *.Mask)
      (net 38 "Net-(J3-Pad2)"))
    (pad 6 thru_hole circle (at 7.62 10.16) (size 1.5 1.5) (drill 0.8) (layers *.Cu *.Mask)
      (net 39 "Net-(J3-Pad6)"))
    (pad 1 thru_hole circle (at 0 0) (size 1.5 1.5) (drill 0.8) (layers *.Cu *.Mask)
      (net 40 "Net-(J3-Pad1)"))
    (model ${KISYS3DMOD}/Housings_DIP.3dshapes/DIP-10_W7.62mm_LongPads.wrl
      (at (xyz 0 0 0))
      (scale (xyz 1 1 1))
      (rotate (xyz 0 0 0))
    )
  )

  (module custom_components:HLE-105-02-G-DV-PE (layer F.Cu) (tedit 5AB3F17E) (tstamp 5CC8ACFE)
    (at 43.445 80)
    (descr "10-lead dip package, row spacing 7.62 mm (300 mils), LongPads")
    (tags "DIL DIP PDIP 2.54mm 7.62mm 300mil LongPads")
    (path /5CB4D7E1)
    (fp_text reference J2 (at 3.89636 -2.88798) (layer F.SilkS)
      (effects (font (size 1 1) (thickness 0.15)))
    )
    (fp_text value Conn_02x05_Counter_Clockwise (at 3.81 12.55) (layer F.Fab)
      (effects (font (size 1 1) (thickness 0.15)))
    )
    (fp_text user %R (at 3.81 5.08) (layer F.Fab)
      (effects (font (size 1 1) (thickness 0.15)))
    )
    (fp_line (start 6.71 -1.82) (end 0.91 -1.82) (layer F.SilkS) (width 0.12))
    (fp_line (start 0.91 -1.82) (end 0.91 11.98) (layer F.SilkS) (width 0.12))
    (fp_line (start 0.91 11.98) (end 6.71 11.98) (layer F.SilkS) (width 0.12))
    (fp_line (start 6.71 11.98) (end 6.71 -1.82) (layer F.SilkS) (width 0.12))
    (fp_line (start -1.5 -1.6) (end -1.5 11.7) (layer F.CrtYd) (width 0.05))
    (fp_line (start -1.5 11.7) (end 9.1 11.7) (layer F.CrtYd) (width 0.05))
    (fp_line (start 9.1 11.7) (end 9.1 -1.6) (layer F.CrtYd) (width 0.05))
    (fp_line (start 9.1 -1.6) (end -1.5 -1.6) (layer F.CrtYd) (width 0.05))
    (pad 1 thru_hole circle (at 0 0) (size 1.5 1.5) (drill 0.8) (layers *.Cu *.Mask)
      (net 23 "Net-(J2-Pad1)"))
    (pad 6 thru_hole circle (at 7.62 10.16) (size 1.5 1.5) (drill 0.8) (layers *.Cu *.Mask)
      (net 24 /R3))
    (pad 2 thru_hole circle (at 0 2.54) (size 1.5 1.5) (drill 0.8) (layers *.Cu *.Mask)
      (net 25 /R0))
    (pad 7 thru_hole circle (at 7.62 7.62) (size 1.5 1.5) (drill 0.8) (layers *.Cu *.Mask)
      (net 26 /F0))
    (pad 3 thru_hole circle (at 0 5.08) (size 1.5 1.5) (drill 0.8) (layers *.Cu *.Mask)
      (net 27 /R1))
    (pad 8 thru_hole circle (at 7.62 5.08) (size 1.5 1.5) (drill 0.8) (layers *.Cu *.Mask)
      (net 28 /F1))
    (pad 4 thru_hole circle (at 0 7.62) (size 1.5 1.5) (drill 0.8) (layers *.Cu *.Mask)
      (net 29 /R2))
    (pad 9 thru_hole circle (at 7.62 2.54) (size 1.5 1.5) (drill 0.8) (layers *.Cu *.Mask)
      (net 30 /F2))
    (pad 5 thru_hole circle (at 0 10.16) (size 1.5 1.5) (drill 0.8) (layers *.Cu *.Mask)
      (net 1 GND))
    (pad 10 thru_hole circle (at 7.62 0) (size 1.5 1.5) (drill 0.8) (layers *.Cu *.Mask)
      (net 31 /F3))
    (model ${KISYS3DMOD}/Housings_DIP.3dshapes/DIP-10_W7.62mm_LongPads.wrl
      (at (xyz 0 0 0))
      (scale (xyz 1 1 1))
      (rotate (xyz 0 0 0))
    )
  )

  (module custom_components:HLE-105-02-G-DV-PE (layer F.Cu) (tedit 5AB3F17E) (tstamp 5CC8B262)
    (at 61.225 80)
    (descr "10-lead dip package, row spacing 7.62 mm (300 mils), LongPads")
    (tags "DIL DIP PDIP 2.54mm 7.62mm 300mil LongPads")
    (path /5CB4B291)
    (fp_text reference J1 (at 3.89636 -2.88798) (layer F.SilkS)
      (effects (font (size 1 1) (thickness 0.15)))
    )
    (fp_text value Conn_02x05_Counter_Clockwise (at 3.81 12.55) (layer F.Fab)
      (effects (font (size 1 1) (thickness 0.15)))
    )
    (fp_line (start 9.1 -1.6) (end -1.5 -1.6) (layer F.CrtYd) (width 0.05))
    (fp_line (start 9.1 11.7) (end 9.1 -1.6) (layer F.CrtYd) (width 0.05))
    (fp_line (start -1.5 11.7) (end 9.1 11.7) (layer F.CrtYd) (width 0.05))
    (fp_line (start -1.5 -1.6) (end -1.5 11.7) (layer F.CrtYd) (width 0.05))
    (fp_line (start 6.71 11.98) (end 6.71 -1.82) (layer F.SilkS) (width 0.12))
    (fp_line (start 0.91 11.98) (end 6.71 11.98) (layer F.SilkS) (width 0.12))
    (fp_line (start 0.91 -1.82) (end 0.91 11.98) (layer F.SilkS) (width 0.12))
    (fp_line (start 6.71 -1.82) (end 0.91 -1.82) (layer F.SilkS) (width 0.12))
    (fp_text user %R (at 3.81 5.08) (layer F.Fab)
      (effects (font (size 1 1) (thickness 0.15)))
    )
    (pad 10 thru_hole circle (at 7.62 0) (size 1.5 1.5) (drill 0.8) (layers *.Cu *.Mask)
      (net 21 /G3))
    (pad 5 thru_hole circle (at 0 10.16) (size 1.5 1.5) (drill 0.8) (layers *.Cu *.Mask)
      (net 1 GND))
    (pad 9 thru_hole circle (at 7.62 2.54) (size 1.5 1.5) (drill 0.8) (layers *.Cu *.Mask)
      (net 20 /G2))
    (pad 4 thru_hole circle (at 0 7.62) (size 1.5 1.5) (drill 0.8) (layers *.Cu *.Mask)
      (net 19 /B2))
    (pad 8 thru_hole circle (at 7.62 5.08) (size 1.5 1.5) (drill 0.8) (layers *.Cu *.Mask)
      (net 18 /G1))
    (pad 3 thru_hole circle (at 0 5.08) (size 1.5 1.5) (drill 0.8) (layers *.Cu *.Mask)
      (net 17 /B1))
    (pad 7 thru_hole circle (at 7.62 7.62) (size 1.5 1.5) (drill 0.8) (layers *.Cu *.Mask)
      (net 16 /G0))
    (pad 2 thru_hole circle (at 0 2.54) (size 1.5 1.5) (drill 0.8) (layers *.Cu *.Mask)
      (net 15 /B0))
    (pad 6 thru_hole circle (at 7.62 10.16) (size 1.5 1.5) (drill 0.8) (layers *.Cu *.Mask)
      (net 14 /B3))
    (pad 1 thru_hole circle (at 0 0) (size 1.5 1.5) (drill 0.8) (layers *.Cu *.Mask)
      (net 22 "Net-(J1-Pad1)"))
    (model ${KISYS3DMOD}/Housings_DIP.3dshapes/DIP-10_W7.62mm_LongPads.wrl
      (at (xyz 0 0 0))
      (scale (xyz 1 1 1))
      (rotate (xyz 0 0 0))
    )
  )

  (module custom_components:HLE-105-02-G-DV-PE (layer F.Cu) (tedit 5AB3F17E) (tstamp 5D36DED5)
    (at 61.225 35.5)
    (descr "10-lead dip package, row spacing 7.62 mm (300 mils), LongPads")
    (tags "DIL DIP PDIP 2.54mm 7.62mm 300mil LongPads")
    (path /5CB4D8BB)
    (fp_text reference J4 (at 3.89636 -2.88798) (layer F.SilkS)
      (effects (font (size 1 1) (thickness 0.15)))
    )
    (fp_text value Conn_02x05_Counter_Clockwise (at 3.81 12.55) (layer F.Fab)
      (effects (font (size 1 1) (thickness 0.15)))
    )
    (fp_text user %R (at 3.81 5.08) (layer F.Fab)
      (effects (font (size 1 1) (thickness 0.15)))
    )
    (fp_line (start 6.71 -1.82) (end 0.91 -1.82) (layer F.SilkS) (width 0.12))
    (fp_line (start 0.91 -1.82) (end 0.91 11.98) (layer F.SilkS) (width 0.12))
    (fp_line (start 0.91 11.98) (end 6.71 11.98) (layer F.SilkS) (width 0.12))
    (fp_line (start 6.71 11.98) (end 6.71 -1.82) (layer F.SilkS) (width 0.12))
    (fp_line (start -1.5 -1.6) (end -1.5 11.7) (layer F.CrtYd) (width 0.05))
    (fp_line (start -1.5 11.7) (end 9.1 11.7) (layer F.CrtYd) (width 0.05))
    (fp_line (start 9.1 11.7) (end 9.1 -1.6) (layer F.CrtYd) (width 0.05))
    (fp_line (start 9.1 -1.6) (end -1.5 -1.6) (layer F.CrtYd) (width 0.05))
    (pad 1 thru_hole circle (at 0 0) (size 1.5 1.5) (drill 0.8) (layers *.Cu *.Mask)
      (net 13 "Net-(J4-Pad1)"))
    (pad 6 thru_hole circle (at 7.62 10.16) (size 1.5 1.5) (drill 0.8) (layers *.Cu *.Mask)
      (net 14 /B3))
    (pad 2 thru_hole circle (at 0 2.54) (size 1.5 1.5) (drill 0.8) (layers *.Cu *.Mask)
      (net 15 /B0))
    (pad 7 thru_hole circle (at 7.62 7.62) (size 1.5 1.5) (drill 0.8) (layers *.Cu *.Mask)
      (net 16 /G0))
    (pad 3 thru_hole circle (at 0 5.08) (size 1.5 1.5) (drill 0.8) (layers *.Cu *.Mask)
      (net 17 /B1))
    (pad 8 thru_hole circle (at 7.62 5.08) (size 1.5 1.5) (drill 0.8) (layers *.Cu *.Mask)
      (net 18 /G1))
    (pad 4 thru_hole circle (at 0 7.62) (size 1.5 1.5) (drill 0.8) (layers *.Cu *.Mask)
      (net 19 /B2))
    (pad 9 thru_hole circle (at 7.62 2.54) (size 1.5 1.5) (drill 0.8) (layers *.Cu *.Mask)
      (net 20 /G2))
    (pad 5 thru_hole circle (at 0 10.16) (size 1.5 1.5) (drill 0.8) (layers *.Cu *.Mask)
      (net 1 GND))
    (pad 10 thru_hole circle (at 7.62 0) (size 1.5 1.5) (drill 0.8) (layers *.Cu *.Mask)
      (net 21 /G3))
    (model ${KISYS3DMOD}/Housings_DIP.3dshapes/DIP-10_W7.62mm_LongPads.wrl
      (at (xyz 0 0 0))
      (scale (xyz 1 1 1))
      (rotate (xyz 0 0 0))
    )
  )

  (module custom_components:SM0603_Capa_libcms (layer F.Cu) (tedit 5692B475) (tstamp 5CC8B299)
    (at 51.09 64.9 180)
    (path /5CB70082)
    (attr smd)
    (fp_text reference C2 (at 1.79 -0.01 270) (layer F.SilkS)
      (effects (font (size 0.5842 0.508) (thickness 0.127)))
    )
    (fp_text value 0.1u (at 0 0 270) (layer F.SilkS)
      (effects (font (size 0.508 0.4572) (thickness 0.1143)))
    )
    (fp_line (start 0.50038 0.73406) (end 1.19888 0.73406) (layer F.SilkS) (width 0.11938))
    (fp_line (start -0.50038 0.73406) (end -1.19888 0.73406) (layer F.SilkS) (width 0.11938))
    (fp_line (start 0.50038 -0.73406) (end 1.19888 -0.73406) (layer F.SilkS) (width 0.11938))
    (fp_line (start -1.19888 -0.73406) (end -0.50038 -0.73406) (layer F.SilkS) (width 0.11938))
    (fp_line (start 1.23952 -0.7366) (end 1.23952 0.7366) (layer F.SilkS) (width 0.11938))
    (fp_line (start -1.23952 0.7366) (end -1.23952 -0.7366) (layer F.SilkS) (width 0.11938))
    (pad 1 smd rect (at -0.762 0 180) (size 0.635 1.143) (layers F.Cu F.Paste F.Mask)
      (net 3 /DVDD3V3))
    (pad 2 smd rect (at 0.762 0 180) (size 0.635 1.143) (layers F.Cu F.Paste F.Mask)
      (net 1 GND))
    (model smd\capacitors\C0603.wrl
      (offset (xyz 0 0 0.02539999961853028))
      (scale (xyz 0.5 0.5 0.5))
      (rotate (xyz 0 0 0))
    )
  )

  (module custom_components:SM0603_Capa_libcms (layer F.Cu) (tedit 5692B475) (tstamp 5CC8B2BA)
    (at 46.35 74.61 180)
    (path /5CB8122F)
    (attr smd)
    (fp_text reference C3 (at -1.778 0 270) (layer F.SilkS)
      (effects (font (size 0.5842 0.508) (thickness 0.127)))
    )
    (fp_text value 10u (at 0 0 270) (layer F.SilkS)
      (effects (font (size 0.508 0.4572) (thickness 0.1143)))
    )
    (fp_line (start -1.23952 0.7366) (end -1.23952 -0.7366) (layer F.SilkS) (width 0.11938))
    (fp_line (start 1.23952 -0.7366) (end 1.23952 0.7366) (layer F.SilkS) (width 0.11938))
    (fp_line (start -1.19888 -0.73406) (end -0.50038 -0.73406) (layer F.SilkS) (width 0.11938))
    (fp_line (start 0.50038 -0.73406) (end 1.19888 -0.73406) (layer F.SilkS) (width 0.11938))
    (fp_line (start -0.50038 0.73406) (end -1.19888 0.73406) (layer F.SilkS) (width 0.11938))
    (fp_line (start 0.50038 0.73406) (end 1.19888 0.73406) (layer F.SilkS) (width 0.11938))
    (pad 2 smd rect (at 0.762 0 180) (size 0.635 1.143) (layers F.Cu F.Paste F.Mask)
      (net 1 GND))
    (pad 1 smd rect (at -0.762 0 180) (size 0.635 1.143) (layers F.Cu F.Paste F.Mask)
      (net 9 /VMID))
    (model smd\capacitors\C0603.wrl
      (offset (xyz 0 0 0.02539999961853028))
      (scale (xyz 0.5 0.5 0.5))
      (rotate (xyz 0 0 0))
    )
  )

  (module custom_components:SM0603_Capa_libcms (layer F.Cu) (tedit 5692B475) (tstamp 5CC8B2DB)
    (at 46.36 72.98 180)
    (path /5CB81228)
    (attr smd)
    (fp_text reference C4 (at -1.778 0 270) (layer F.SilkS)
      (effects (font (size 0.5842 0.508) (thickness 0.127)))
    )
    (fp_text value 0.1u (at 0 0 270) (layer F.SilkS)
      (effects (font (size 0.508 0.4572) (thickness 0.1143)))
    )
    (fp_line (start 0.50038 0.73406) (end 1.19888 0.73406) (layer F.SilkS) (width 0.11938))
    (fp_line (start -0.50038 0.73406) (end -1.19888 0.73406) (layer F.SilkS) (width 0.11938))
    (fp_line (start 0.50038 -0.73406) (end 1.19888 -0.73406) (layer F.SilkS) (width 0.11938))
    (fp_line (start -1.19888 -0.73406) (end -0.50038 -0.73406) (layer F.SilkS) (width 0.11938))
    (fp_line (start 1.23952 -0.7366) (end 1.23952 0.7366) (layer F.SilkS) (width 0.11938))
    (fp_line (start -1.23952 0.7366) (end -1.23952 -0.7366) (layer F.SilkS) (width 0.11938))
    (pad 1 smd rect (at -0.762 0 180) (size 0.635 1.143) (layers F.Cu F.Paste F.Mask)
      (net 9 /VMID))
    (pad 2 smd rect (at 0.762 0 180) (size 0.635 1.143) (layers F.Cu F.Paste F.Mask)
      (net 1 GND))
    (model smd\capacitors\C0603.wrl
      (offset (xyz 0 0 0.02539999961853028))
      (scale (xyz 0.5 0.5 0.5))
      (rotate (xyz 0 0 0))
    )
  )

  (module custom_components:SM0603_Capa_libcms (layer F.Cu) (tedit 5692B475) (tstamp 5CC8B2FC)
    (at 57.41 77.51 270)
    (path /5CB750A5)
    (attr smd)
    (fp_text reference C5 (at 1.77 -0.01) (layer F.SilkS)
      (effects (font (size 0.5842 0.508) (thickness 0.127)))
    )
    (fp_text value 10u (at 0 0) (layer F.SilkS)
      (effects (font (size 0.508 0.4572) (thickness 0.1143)))
    )
    (fp_line (start 0.50038 0.73406) (end 1.19888 0.73406) (layer F.SilkS) (width 0.11938))
    (fp_line (start -0.50038 0.73406) (end -1.19888 0.73406) (layer F.SilkS) (width 0.11938))
    (fp_line (start 0.50038 -0.73406) (end 1.19888 -0.73406) (layer F.SilkS) (width 0.11938))
    (fp_line (start -1.19888 -0.73406) (end -0.50038 -0.73406) (layer F.SilkS) (width 0.11938))
    (fp_line (start 1.23952 -0.7366) (end 1.23952 0.7366) (layer F.SilkS) (width 0.11938))
    (fp_line (start -1.23952 0.7366) (end -1.23952 -0.7366) (layer F.SilkS) (width 0.11938))
    (pad 1 smd rect (at -0.762 0 270) (size 0.635 1.143) (layers F.Cu F.Paste F.Mask)
      (net 11 "Net-(C5-Pad1)"))
    (pad 2 smd rect (at 0.762 0 270) (size 0.635 1.143) (layers F.Cu F.Paste F.Mask)
      (net 1 GND))
    (model smd\capacitors\C0603.wrl
      (offset (xyz 0 0 0.02539999961853028))
      (scale (xyz 0.5 0.5 0.5))
      (rotate (xyz 0 0 0))
    )
  )

  (module custom_components:SM0603_Capa_libcms (layer F.Cu) (tedit 5692B475) (tstamp 5CBD8102)
    (at 56.7 66.53)
    (path /5CB7BBF8)
    (attr smd)
    (fp_text reference C11 (at 1.84 -0.01 90) (layer F.SilkS)
      (effects (font (size 0.5842 0.508) (thickness 0.127)))
    )
    (fp_text value 0.1u (at 0 0 90) (layer F.SilkS)
      (effects (font (size 0.508 0.4572) (thickness 0.1143)))
    )
    (fp_line (start 0.50038 0.73406) (end 1.19888 0.73406) (layer F.SilkS) (width 0.11938))
    (fp_line (start -0.50038 0.73406) (end -1.19888 0.73406) (layer F.SilkS) (width 0.11938))
    (fp_line (start 0.50038 -0.73406) (end 1.19888 -0.73406) (layer F.SilkS) (width 0.11938))
    (fp_line (start -1.19888 -0.73406) (end -0.50038 -0.73406) (layer F.SilkS) (width 0.11938))
    (fp_line (start 1.23952 -0.7366) (end 1.23952 0.7366) (layer F.SilkS) (width 0.11938))
    (fp_line (start -1.23952 0.7366) (end -1.23952 -0.7366) (layer F.SilkS) (width 0.11938))
    (pad 1 smd rect (at -0.762 0) (size 0.635 1.143) (layers F.Cu F.Paste F.Mask)
      (net 12 /DVDD5V))
    (pad 2 smd rect (at 0.762 0) (size 0.635 1.143) (layers F.Cu F.Paste F.Mask)
      (net 1 GND))
    (model smd\capacitors\C0603.wrl
      (offset (xyz 0 0 0.02539999961853028))
      (scale (xyz 0.5 0.5 0.5))
      (rotate (xyz 0 0 0))
    )
  )

  (module custom_components:SM0603_Capa_libcms (layer F.Cu) (tedit 5692B475) (tstamp 5CC8B33E)
    (at 56.69 64.9)
    (path /5CB7BBFF)
    (attr smd)
    (fp_text reference C10 (at 1.83 0.01 90) (layer F.SilkS)
      (effects (font (size 0.5842 0.508) (thickness 0.127)))
    )
    (fp_text value 10u (at 0 0 90) (layer F.SilkS)
      (effects (font (size 0.508 0.4572) (thickness 0.1143)))
    )
    (fp_line (start -1.23952 0.7366) (end -1.23952 -0.7366) (layer F.SilkS) (width 0.11938))
    (fp_line (start 1.23952 -0.7366) (end 1.23952 0.7366) (layer F.SilkS) (width 0.11938))
    (fp_line (start -1.19888 -0.73406) (end -0.50038 -0.73406) (layer F.SilkS) (width 0.11938))
    (fp_line (start 0.50038 -0.73406) (end 1.19888 -0.73406) (layer F.SilkS) (width 0.11938))
    (fp_line (start -0.50038 0.73406) (end -1.19888 0.73406) (layer F.SilkS) (width 0.11938))
    (fp_line (start 0.50038 0.73406) (end 1.19888 0.73406) (layer F.SilkS) (width 0.11938))
    (pad 2 smd rect (at 0.762 0) (size 0.635 1.143) (layers F.Cu F.Paste F.Mask)
      (net 1 GND))
    (pad 1 smd rect (at -0.762 0) (size 0.635 1.143) (layers F.Cu F.Paste F.Mask)
      (net 12 /DVDD5V))
    (model smd\capacitors\C0603.wrl
      (offset (xyz 0 0 0.02539999961853028))
      (scale (xyz 0.5 0.5 0.5))
      (rotate (xyz 0 0 0))
    )
  )

  (module custom_components:SM0603_Capa_libcms (layer F.Cu) (tedit 5692B475) (tstamp 5CC8B1E5)
    (at 61.4 72.86 90)
    (path /5CB891BD)
    (attr smd)
    (fp_text reference C8 (at -1.778 0) (layer F.SilkS)
      (effects (font (size 0.5842 0.508) (thickness 0.127)))
    )
    (fp_text value 10u (at 0 0) (layer F.SilkS)
      (effects (font (size 0.508 0.4572) (thickness 0.1143)))
    )
    (fp_line (start -1.23952 0.7366) (end -1.23952 -0.7366) (layer F.SilkS) (width 0.11938))
    (fp_line (start 1.23952 -0.7366) (end 1.23952 0.7366) (layer F.SilkS) (width 0.11938))
    (fp_line (start -1.19888 -0.73406) (end -0.50038 -0.73406) (layer F.SilkS) (width 0.11938))
    (fp_line (start 0.50038 -0.73406) (end 1.19888 -0.73406) (layer F.SilkS) (width 0.11938))
    (fp_line (start -0.50038 0.73406) (end -1.19888 0.73406) (layer F.SilkS) (width 0.11938))
    (fp_line (start 0.50038 0.73406) (end 1.19888 0.73406) (layer F.SilkS) (width 0.11938))
    (pad 2 smd rect (at 0.762 0 90) (size 0.635 1.143) (layers F.Cu F.Paste F.Mask)
      (net 10 "Net-(C8-Pad2)"))
    (pad 1 smd rect (at -0.762 0 90) (size 0.635 1.143) (layers F.Cu F.Paste F.Mask)
      (net 2 /DAO))
    (model smd\capacitors\C0603.wrl
      (offset (xyz 0 0 0.02539999961853028))
      (scale (xyz 0.5 0.5 0.5))
      (rotate (xyz 0 0 0))
    )
  )

  (module custom_components:SM0603_Capa_libcms (layer F.Cu) (tedit 5692B475) (tstamp 5CBD85CC)
    (at 55.78 77.51 270)
    (path /5CB7509E)
    (attr smd)
    (fp_text reference C7 (at 1.78 0.02) (layer F.SilkS)
      (effects (font (size 0.5842 0.508) (thickness 0.127)))
    )
    (fp_text value 0.1u (at 0 0) (layer F.SilkS)
      (effects (font (size 0.508 0.4572) (thickness 0.1143)))
    )
    (fp_line (start 0.50038 0.73406) (end 1.19888 0.73406) (layer F.SilkS) (width 0.11938))
    (fp_line (start -0.50038 0.73406) (end -1.19888 0.73406) (layer F.SilkS) (width 0.11938))
    (fp_line (start 0.50038 -0.73406) (end 1.19888 -0.73406) (layer F.SilkS) (width 0.11938))
    (fp_line (start -1.19888 -0.73406) (end -0.50038 -0.73406) (layer F.SilkS) (width 0.11938))
    (fp_line (start 1.23952 -0.7366) (end 1.23952 0.7366) (layer F.SilkS) (width 0.11938))
    (fp_line (start -1.23952 0.7366) (end -1.23952 -0.7366) (layer F.SilkS) (width 0.11938))
    (pad 1 smd rect (at -0.762 0 270) (size 0.635 1.143) (layers F.Cu F.Paste F.Mask)
      (net 11 "Net-(C5-Pad1)"))
    (pad 2 smd rect (at 0.762 0 270) (size 0.635 1.143) (layers F.Cu F.Paste F.Mask)
      (net 1 GND))
    (model smd\capacitors\C0603.wrl
      (offset (xyz 0 0 0.02539999961853028))
      (scale (xyz 0.5 0.5 0.5))
      (rotate (xyz 0 0 0))
    )
  )

  (module custom_components:SM0603_Capa_libcms (layer F.Cu) (tedit 5692B475) (tstamp 5D36DE39)
    (at 58.23 57.89 270)
    (path /5CB5AC1D)
    (attr smd)
    (fp_text reference C6 (at -1.778 0) (layer F.SilkS)
      (effects (font (size 0.5842 0.508) (thickness 0.127)))
    )
    (fp_text value 0.1u (at 0 0) (layer F.SilkS)
      (effects (font (size 0.508 0.4572) (thickness 0.1143)))
    )
    (fp_line (start -1.23952 0.7366) (end -1.23952 -0.7366) (layer F.SilkS) (width 0.11938))
    (fp_line (start 1.23952 -0.7366) (end 1.23952 0.7366) (layer F.SilkS) (width 0.11938))
    (fp_line (start -1.19888 -0.73406) (end -0.50038 -0.73406) (layer F.SilkS) (width 0.11938))
    (fp_line (start 0.50038 -0.73406) (end 1.19888 -0.73406) (layer F.SilkS) (width 0.11938))
    (fp_line (start -0.50038 0.73406) (end -1.19888 0.73406) (layer F.SilkS) (width 0.11938))
    (fp_line (start 0.50038 0.73406) (end 1.19888 0.73406) (layer F.SilkS) (width 0.11938))
    (pad 2 smd rect (at 0.762 0 270) (size 0.635 1.143) (layers F.Cu F.Paste F.Mask)
      (net 1 GND))
    (pad 1 smd rect (at -0.762 0 270) (size 0.635 1.143) (layers F.Cu F.Paste F.Mask)
      (net 3 /DVDD3V3))
    (model smd\capacitors\C0603.wrl
      (offset (xyz 0 0 0.02539999961853028))
      (scale (xyz 0.5 0.5 0.5))
      (rotate (xyz 0 0 0))
    )
  )

  (module custom_components:SM0603_Capa_libcms (layer F.Cu) (tedit 5692B475) (tstamp 5CC8B476)
    (at 51.09 66.53 180)
    (path /5CB7018C)
    (attr smd)
    (fp_text reference C1 (at 1.75 0.05 270) (layer F.SilkS)
      (effects (font (size 0.5842 0.508) (thickness 0.127)))
    )
    (fp_text value 10u (at 0 0 270) (layer F.SilkS)
      (effects (font (size 0.508 0.4572) (thickness 0.1143)))
    )
    (fp_line (start 0.50038 0.73406) (end 1.19888 0.73406) (layer F.SilkS) (width 0.11938))
    (fp_line (start -0.50038 0.73406) (end -1.19888 0.73406) (layer F.SilkS) (width 0.11938))
    (fp_line (start 0.50038 -0.73406) (end 1.19888 -0.73406) (layer F.SilkS) (width 0.11938))
    (fp_line (start -1.19888 -0.73406) (end -0.50038 -0.73406) (layer F.SilkS) (width 0.11938))
    (fp_line (start 1.23952 -0.7366) (end 1.23952 0.7366) (layer F.SilkS) (width 0.11938))
    (fp_line (start -1.23952 0.7366) (end -1.23952 -0.7366) (layer F.SilkS) (width 0.11938))
    (pad 1 smd rect (at -0.762 0 180) (size 0.635 1.143) (layers F.Cu F.Paste F.Mask)
      (net 3 /DVDD3V3))
    (pad 2 smd rect (at 0.762 0 180) (size 0.635 1.143) (layers F.Cu F.Paste F.Mask)
      (net 1 GND))
    (model smd\capacitors\C0603.wrl
      (offset (xyz 0 0 0.02539999961853028))
      (scale (xyz 0.5 0.5 0.5))
      (rotate (xyz 0 0 0))
    )
  )

  (module custom_components:SM0603_Resistor_libcms (layer F.Cu) (tedit 5692B492) (tstamp 5CBD8314)
    (at 53.9 66.54)
    (path /5CB8B5A9)
    (attr smd)
    (fp_text reference R4 (at -0.02 -1.24 180) (layer F.SilkS)
      (effects (font (size 0.5842 0.508) (thickness 0.127)))
    )
    (fp_text value 1M (at 0 0 90) (layer F.SilkS)
      (effects (font (size 0.508 0.4572) (thickness 0.1143)))
    )
    (fp_line (start 0.50038 0.73406) (end 1.19888 0.73406) (layer F.SilkS) (width 0.11938))
    (fp_line (start -0.50038 0.73406) (end -1.19888 0.73406) (layer F.SilkS) (width 0.11938))
    (fp_line (start 0.50038 -0.73406) (end 1.19888 -0.73406) (layer F.SilkS) (width 0.11938))
    (fp_line (start -1.19888 -0.73406) (end -0.50038 -0.73406) (layer F.SilkS) (width 0.11938))
    (fp_line (start 1.23952 -0.7366) (end 1.23952 0.7366) (layer F.SilkS) (width 0.11938))
    (fp_line (start -1.23952 0.7366) (end -1.23952 -0.7366) (layer F.SilkS) (width 0.11938))
    (pad 1 smd rect (at -0.762 0) (size 0.635 1.143) (layers F.Cu F.Paste F.Mask)
      (net 9 /VMID))
    (pad 2 smd rect (at 0.762 0) (size 0.635 1.143) (layers F.Cu F.Paste F.Mask)
      (net 10 "Net-(C8-Pad2)"))
    (model smd\capacitors\C0603.wrl
      (offset (xyz 0 0 0.02539999961853028))
      (scale (xyz 0.5 0.5 0.5))
      (rotate (xyz 0 0 0))
    )
  )

  (module custom_components:SM0603_Resistor_libcms (layer F.Cu) (tedit 5692B492) (tstamp 5CBD7DB0)
    (at 47.31 67.48 90)
    (path /5CB6CCEF)
    (attr smd)
    (fp_text reference R2 (at 1.76 -0.03 180) (layer F.SilkS)
      (effects (font (size 0.5842 0.508) (thickness 0.127)))
    )
    (fp_text value 3.3k (at 0 0 180) (layer F.SilkS)
      (effects (font (size 0.508 0.4572) (thickness 0.1143)))
    )
